Jadeplant = 0.9610618871307434
Sword2 = 0.9585499327721017
