Jadeplant = 2.6181651838070503
Sword2 = 2.5145232243128053
