Jadeplant = 9.724509445785394
Sword2 = 8.86713475228397
