Jadeplant = 0.9131928454326081
Sword2 = 0.9316016796983166
