Jadeplant = 0.9830990844953672
Sword2 = 0.9702284606666838
