Jadeplant = 0.12228406227746876
Sword2 = 0.2357752813077981
