Jadeplant = 0.14863590861298118
Sword2 = 0.3262766872291388
