Jadeplant = 0.955225621849307
Sword2 = 0.9198660580472222
