Jadeplant = 0.9326603668158736
Sword2 = 0.8910622578867888
