Jadeplant = 5.535861869938168
Sword2 = 7.463378637229126
