Jadeplant = 0.879903721578524
Sword2 = 0.8578907853531677
