Jadeplant = 20.992994318972663
Sword2 = 21.227078108440942
